(* Content-type: application/vnd.wolfram.mathematica *)

(*** Wolfram Notebook File ***)
(* http://www.wolfram.com/nb *)

(* CreatedBy='Mathematica 11.2' *)

(*CacheID: 234*)
(* Internal cache information:
NotebookFileLineBreakTest
NotebookFileLineBreakTest
NotebookDataPosition[       158,          7]
NotebookDataLength[    138759,       2717]
NotebookOptionsPosition[    123077,       2435]
NotebookOutlinePosition[    123822,       2459]
CellTagsIndexPosition[    123733,       2454]
WindowFrame->Normal*)

(* Beginning of Notebook Content *)
Notebook[{

Cell[CellGroupData[{
Cell["Task #3", "Title",
 CellChangeTimes->{{3.74135801749111*^9, 
  3.7413580227310915`*^9}},ExpressionUUID->"247424e9-b796-4321-94d8-\
ae31c20aef6e"],

Cell[CellGroupData[{

Cell[BoxData[
 RowBox[{"FactorInteger", "[", "957260", "]"}]], "Input",
 CellChangeTimes->{{3.741355647387792*^9, 
  3.741355738537962*^9}},ExpressionUUID->"2c5dbf3c-5a0a-466a-9d98-\
ceaf28ce610e"],

Cell[BoxData[
 RowBox[{"{", 
  RowBox[{
   RowBox[{"{", 
    RowBox[{"2", ",", "2"}], "}"}], ",", 
   RowBox[{"{", 
    RowBox[{"5", ",", "1"}], "}"}], ",", 
   RowBox[{"{", 
    RowBox[{"23", ",", "1"}], "}"}], ",", 
   RowBox[{"{", 
    RowBox[{"2081", ",", "1"}], "}"}]}], "}"}]], "Output",
 CellChangeTimes->{{3.7413556518598285`*^9, 
  3.7413557533154364`*^9}},ExpressionUUID->"83f0a4aa-1ae0-4946-91c5-\
30983bb7720c"]
}, Open  ]],

Cell[CellGroupData[{

Cell[BoxData[
 RowBox[{"FactorInteger", "@", "600851475143"}]], "Input",
 CellChangeTimes->{{3.741355934362855*^9, 
  3.7413559371144943`*^9}},ExpressionUUID->"4c145cc9-a2a0-4a2c-8727-\
5c74e963c859"],

Cell[BoxData[
 RowBox[{"{", 
  RowBox[{
   RowBox[{"{", 
    RowBox[{"71", ",", "1"}], "}"}], ",", 
   RowBox[{"{", 
    RowBox[{"839", ",", "1"}], "}"}], ",", 
   RowBox[{"{", 
    RowBox[{"1471", ",", "1"}], "}"}], ",", 
   RowBox[{"{", 
    RowBox[{"6857", ",", "1"}], "}"}]}], "}"}]], "Output",
 CellChangeTimes->{
  3.7413559375892243`*^9},ExpressionUUID->"773bb129-831a-4ecd-b358-\
462a5e607a91"]
}, Open  ]],

Cell[CellGroupData[{

Cell[BoxData[
 RowBox[{"FactorInteger", "[", "18446744073709551616", "]"}]], "Input",
 CellChangeTimes->{{3.741356324652401*^9, 3.741356364019094*^9}, {
  3.741357030470867*^9, 3.741357037579852*^9}, {3.74135717071684*^9, 
  3.741357179274915*^9}},ExpressionUUID->"85637c34-be54-45f3-b9f2-\
66b8bcace738"],

Cell[BoxData[
 RowBox[{"{", 
  RowBox[{"{", 
   RowBox[{"2", ",", "64"}], "}"}], "}"}]], "Output",
 CellChangeTimes->{{3.7413563290416613`*^9, 3.741356338692852*^9}, {
  3.741357031838212*^9, 3.741357038109437*^9}, {3.741357171299248*^9, 
  3.7413571800937233`*^9}},ExpressionUUID->"b7ec503f-4664-4f47-98f1-\
ed6c15ec3e20"]
}, Open  ]],

Cell[CellGroupData[{

Cell[BoxData[
 RowBox[{"FactorInteger", "[", 
  RowBox[{
   SuperscriptBox["2", "64"], "-", "1"}], "]"}]], "Input",
 CellChangeTimes->{{3.741357043841134*^9, 
  3.741357066368848*^9}},ExpressionUUID->"10f13c82-fc13-4514-abeb-\
5c3d52d4a866"],

Cell[BoxData[
 RowBox[{"{", 
  RowBox[{
   RowBox[{"{", 
    RowBox[{"3", ",", "1"}], "}"}], ",", 
   RowBox[{"{", 
    RowBox[{"5", ",", "1"}], "}"}], ",", 
   RowBox[{"{", 
    RowBox[{"17", ",", "1"}], "}"}], ",", 
   RowBox[{"{", 
    RowBox[{"257", ",", "1"}], "}"}], ",", 
   RowBox[{"{", 
    RowBox[{"641", ",", "1"}], "}"}], ",", 
   RowBox[{"{", 
    RowBox[{"65537", ",", "1"}], "}"}], ",", 
   RowBox[{"{", 
    RowBox[{"6700417", ",", "1"}], "}"}]}], "}"}]], "Output",
 CellChangeTimes->{{3.7413570546202774`*^9, 
  3.7413570672504835`*^9}},ExpressionUUID->"27e9311f-1d06-4f4f-8c66-\
e6967f19d553"]
}, Open  ]],

Cell[CellGroupData[{

Cell[BoxData[
 RowBox[{"FactorInteger", "[", 
  RowBox[{
   SuperscriptBox["2", "128"], "-", "1"}], "]"}]], "Input",
 CellChangeTimes->{{3.7413570735376635`*^9, 
  3.7413570751284065`*^9}},ExpressionUUID->"e6467307-da2d-4e44-b181-\
26c3bc8a7a71"],

Cell[BoxData[
 RowBox[{"{", 
  RowBox[{
   RowBox[{"{", 
    RowBox[{"3", ",", "1"}], "}"}], ",", 
   RowBox[{"{", 
    RowBox[{"5", ",", "1"}], "}"}], ",", 
   RowBox[{"{", 
    RowBox[{"17", ",", "1"}], "}"}], ",", 
   RowBox[{"{", 
    RowBox[{"257", ",", "1"}], "}"}], ",", 
   RowBox[{"{", 
    RowBox[{"641", ",", "1"}], "}"}], ",", 
   RowBox[{"{", 
    RowBox[{"65537", ",", "1"}], "}"}], ",", 
   RowBox[{"{", 
    RowBox[{"274177", ",", "1"}], "}"}], ",", 
   RowBox[{"{", 
    RowBox[{"6700417", ",", "1"}], "}"}], ",", 
   RowBox[{"{", 
    RowBox[{"67280421310721", ",", "1"}], "}"}]}], "}"}]], "Output",
 CellChangeTimes->{
  3.7413570768109064`*^9},ExpressionUUID->"16103c7d-52c5-4d4d-a840-\
1ece11399aac"]
}, Open  ]],

Cell[CellGroupData[{

Cell[BoxData[
 RowBox[{
  RowBox[{"Sqrt", "[", 
   RowBox[{
    SuperscriptBox["2", "128"], "-", "1"}], "]"}], "//", "N"}]], "Input",
 CellChangeTimes->{{3.7413584119026423`*^9, 
  3.7413584177400312`*^9}},ExpressionUUID->"9f6c8dcd-6a8a-408e-a5d5-\
cfbbe57d41b5"],

Cell[BoxData["1.8446744073709552`*^19"], "Output",
 CellChangeTimes->{{3.7413584147919335`*^9, 
  3.741358418462096*^9}},ExpressionUUID->"58a0428d-144d-4397-98b7-\
b82190bb4acf"]
}, Open  ]],

Cell[CellGroupData[{

Cell[BoxData[
 RowBox[{"FactorInteger", "[", 
  RowBox[{
   SuperscriptBox["2", "64"], "-", "1"}], "]"}]], "Input",
 CellChangeTimes->{{3.7413571043771667`*^9, 
  3.7413571597361794`*^9}},ExpressionUUID->"ab3e4514-3fc4-4778-bbb5-\
0b69c04d929f"],

Cell[BoxData[
 RowBox[{"{", 
  RowBox[{
   RowBox[{"{", 
    RowBox[{"3", ",", "1"}], "}"}], ",", 
   RowBox[{"{", 
    RowBox[{"5", ",", "1"}], "}"}], ",", 
   RowBox[{"{", 
    RowBox[{"17", ",", "1"}], "}"}], ",", 
   RowBox[{"{", 
    RowBox[{"257", ",", "1"}], "}"}], ",", 
   RowBox[{"{", 
    RowBox[{"641", ",", "1"}], "}"}], ",", 
   RowBox[{"{", 
    RowBox[{"65537", ",", "1"}], "}"}], ",", 
   RowBox[{"{", 
    RowBox[{"6700417", ",", "1"}], "}"}]}], "}"}]], "Output",
 CellChangeTimes->{{3.741357120541029*^9, 
  3.741357161757772*^9}},ExpressionUUID->"d035eab9-2c3e-46b0-94cf-\
9d0018c6ea6f"]
}, Open  ]],

Cell[CellGroupData[{

Cell[BoxData[
 RowBox[{"2", "*", "1009", "*", "67280421310721"}]], "Input",
 CellChangeTimes->{{3.7413577242343802`*^9, 3.7413577407801194`*^9}, {
  3.741357973362158*^9, 
  3.7413579743625107`*^9}},ExpressionUUID->"f14bd7e7-5176-42c9-bbe3-\
18ccc257e065"],

Cell[BoxData["135771890205034978"], "Output",
 CellChangeTimes->{{3.741357725138963*^9, 3.741357741450328*^9}, 
   3.741357975483483*^9},ExpressionUUID->"bffc6351-c43c-46f5-bbf9-\
2a53d8214bca"]
}, Open  ]],

Cell[CellGroupData[{

Cell[BoxData[
 RowBox[{
  RowBox[{"Sqrt", "[", "15", "]"}], "//", "N"}]], "Input",
 CellChangeTimes->{{3.741357726861351*^9, 3.741357730418835*^9}, {
  3.7413585430448303`*^9, 
  3.741358549714987*^9}},ExpressionUUID->"6b870b55-4a98-446f-ab76-\
58a8a2c1c021"],

Cell[BoxData["3.872983346207417`"], "Output",
 CellChangeTimes->{{3.741358546515545*^9, 
  3.7413585502455683`*^9}},ExpressionUUID->"8ac0b4e4-8aa5-4f2a-991e-\
a5cfd7fbba18"]
}, Open  ]],

Cell[CellGroupData[{

Cell[BoxData[
 RowBox[{"15", " ", "===", " ", 
  RowBox[{"3", " ", "5"}]}]], "Input",
 CellChangeTimes->{{3.7413585542618256`*^9, 
  3.7413585677347875`*^9}},ExpressionUUID->"5e428d17-3a6c-4d68-8d24-\
60064e93c12d"],

Cell[BoxData["True"], "Output",
 CellChangeTimes->{{3.741358558453611*^9, 
  3.741358568310244*^9}},ExpressionUUID->"bdecee91-13fa-4f89-9cfa-\
450cc1795b22"]
}, Open  ]]
}, Closed]],

Cell[CellGroupData[{

Cell["Task #4 Palindrome numbers", "Title",
 CellChangeTimes->{{3.7413580308005056`*^9, 3.741358033679804*^9}, {
  3.7413591775964823`*^9, 
  3.7413591821562853`*^9}},ExpressionUUID->"73568e46-ccf4-4242-a7fe-\
5578ee5aaaf0"],

Cell[BoxData["9009"], "Input",
 CellChangeTimes->{{3.741359185003701*^9, 
  3.7413591859571505`*^9}},ExpressionUUID->"ee9694af-f4a2-4dae-8ed6-\
754b7538f1f6"],

Cell[CellGroupData[{

Cell[BoxData[
 RowBox[{"BaseForm", "[", 
  RowBox[{"9009", ",", "2"}], "]"}]], "Input",
 CellChangeTimes->{{3.741359189942458*^9, 3.7413592251991444`*^9}, {
  3.7413592553049464`*^9, 
  3.74135926119519*^9}},ExpressionUUID->"169d0488-fd61-4bfd-ac65-\
08b8b29e7c69"],

Cell[BoxData[
 TagBox[
  InterpretationBox[
   SubscriptBox["\<\"10001100110001\"\>", "\<\"2\"\>"],
   9009,
   Editable->False],
  BaseForm[#, 2]& ]], "Output",
 CellChangeTimes->{
  3.741359261933216*^9},ExpressionUUID->"5d991423-8ad7-4413-b02e-\
71fb17765a1a"]
}, Open  ]],

Cell[CellGroupData[{

Cell[BoxData[
 RowBox[{"BaseForm", "[", 
  RowBox[{"9119", ",", "2"}], "]"}]], "Input",
 CellChangeTimes->{{3.741359277464672*^9, 
  3.7413592783433175`*^9}},ExpressionUUID->"248a2174-9c28-4e48-82c2-\
d7a8732d2e75"],

Cell[BoxData[
 TagBox[
  InterpretationBox[
   SubscriptBox["\<\"10001110011111\"\>", "\<\"2\"\>"],
   9119,
   Editable->False],
  BaseForm[#, 2]& ]], "Output",
 CellChangeTimes->{
  3.7413592797226276`*^9},ExpressionUUID->"fb847a80-58e1-4c9b-bc6b-\
cc23e729d986"]
}, Open  ]],

Cell[CellGroupData[{

Cell[BoxData[
 RowBox[{"BaseForm", "[", 
  RowBox[{"89998", ",", "2"}], "]"}]], "Input",
 CellChangeTimes->{{3.7413592983338423`*^9, 
  3.7413593078444014`*^9}},ExpressionUUID->"173eb2cc-cf55-4608-9bea-\
bd9393f4bfd7"],

Cell[BoxData[
 TagBox[
  InterpretationBox[
   SubscriptBox["\<\"10101111110001110\"\>", "\<\"2\"\>"],
   89998,
   Editable->False],
  BaseForm[#, 2]& ]], "Output",
 CellChangeTimes->{
  3.7413593107625957`*^9},ExpressionUUID->"5ec2aa6f-1564-46ec-9caa-\
62b2f208d253"]
}, Open  ]],

Cell[CellGroupData[{

Cell[BoxData[
 RowBox[{"BaseForm", "[", 
  RowBox[{"899798", ",", "2"}], "]"}]], "Input",
 CellChangeTimes->{
  3.7413605352970448`*^9},ExpressionUUID->"5b09df61-8007-4da8-9934-\
28bcfed0a4cc"],

Cell[BoxData[
 TagBox[
  InterpretationBox[
   SubscriptBox["\<\"11011011101011010110\"\>", "\<\"2\"\>"],
   899798,
   Editable->False],
  BaseForm[#, 2]& ]], "Output",
 CellChangeTimes->{
  3.741360536715253*^9},ExpressionUUID->"6e01550f-9d7d-4513-af3f-\
e32ab072f821"]
}, Open  ]],

Cell[CellGroupData[{

Cell[BoxData[
 RowBox[{
  RowBox[{"Array", "[", 
   RowBox[{
    RowBox[{
     RowBox[{"Times", "[", 
      RowBox[{"#1", " ", "#2"}], "]"}], "&"}], ",", 
    RowBox[{"{", 
     RowBox[{"99", ",", "99"}], "}"}]}], "]"}], "//", "MatrixForm"}]], "Input",
 CellChangeTimes->{{3.7413595742001076`*^9, 3.7413596892014427`*^9}, {
  3.7413597280026665`*^9, 3.741359773019227*^9}, {3.7413598057506714`*^9, 
  3.7413598277717934`*^9}, {3.741359865827962*^9, 
  3.7413598671274853`*^9}},ExpressionUUID->"438989da-6537-49cb-805a-\
0ec09db437ab"],

Cell[BoxData[
 TagBox[
  RowBox[{"(", "\[NoBreak]", GridBox[{
     {"1", "2", "3", "4", "5", "6", "7", "8", "9", "10", "11", "12", "13", 
      "14", "15", "16", "17", "18", "19", "20", "21", "22", "23", "24", "25", 
      "26", "27", "28", "29", "30", "31", "32", "33", "34", "35", "36", "37", 
      "38", "39", "40", "41", "42", "43", "44", "45", "46", "47", "48", "49", 
      "50", "51", "52", "53", "54", "55", "56", "57", "58", "59", "60", "61", 
      "62", "63", "64", "65", "66", "67", "68", "69", "70", "71", "72", "73", 
      "74", "75", "76", "77", "78", "79", "80", "81", "82", "83", "84", "85", 
      "86", "87", "88", "89", "90", "91", "92", "93", "94", "95", "96", "97", 
      "98", "99"},
     {"2", "4", "6", "8", "10", "12", "14", "16", "18", "20", "22", "24", 
      "26", "28", "30", "32", "34", "36", "38", "40", "42", "44", "46", "48", 
      "50", "52", "54", "56", "58", "60", "62", "64", "66", "68", "70", "72", 
      "74", "76", "78", "80", "82", "84", "86", "88", "90", "92", "94", "96", 
      "98", "100", "102", "104", "106", "108", "110", "112", "114", "116", 
      "118", "120", "122", "124", "126", "128", "130", "132", "134", "136", 
      "138", "140", "142", "144", "146", "148", "150", "152", "154", "156", 
      "158", "160", "162", "164", "166", "168", "170", "172", "174", "176", 
      "178", "180", "182", "184", "186", "188", "190", "192", "194", "196", 
      "198"},
     {"3", "6", "9", "12", "15", "18", "21", "24", "27", "30", "33", "36", 
      "39", "42", "45", "48", "51", "54", "57", "60", "63", "66", "69", "72", 
      "75", "78", "81", "84", "87", "90", "93", "96", "99", "102", "105", 
      "108", "111", "114", "117", "120", "123", "126", "129", "132", "135", 
      "138", "141", "144", "147", "150", "153", "156", "159", "162", "165", 
      "168", "171", "174", "177", "180", "183", "186", "189", "192", "195", 
      "198", "201", "204", "207", "210", "213", "216", "219", "222", "225", 
      "228", "231", "234", "237", "240", "243", "246", "249", "252", "255", 
      "258", "261", "264", "267", "270", "273", "276", "279", "282", "285", 
      "288", "291", "294", "297"},
     {"4", "8", "12", "16", "20", "24", "28", "32", "36", "40", "44", "48", 
      "52", "56", "60", "64", "68", "72", "76", "80", "84", "88", "92", "96", 
      "100", "104", "108", "112", "116", "120", "124", "128", "132", "136", 
      "140", "144", "148", "152", "156", "160", "164", "168", "172", "176", 
      "180", "184", "188", "192", "196", "200", "204", "208", "212", "216", 
      "220", "224", "228", "232", "236", "240", "244", "248", "252", "256", 
      "260", "264", "268", "272", "276", "280", "284", "288", "292", "296", 
      "300", "304", "308", "312", "316", "320", "324", "328", "332", "336", 
      "340", "344", "348", "352", "356", "360", "364", "368", "372", "376", 
      "380", "384", "388", "392", "396"},
     {"5", "10", "15", "20", "25", "30", "35", "40", "45", "50", "55", "60", 
      "65", "70", "75", "80", "85", "90", "95", "100", "105", "110", "115", 
      "120", "125", "130", "135", "140", "145", "150", "155", "160", "165", 
      "170", "175", "180", "185", "190", "195", "200", "205", "210", "215", 
      "220", "225", "230", "235", "240", "245", "250", "255", "260", "265", 
      "270", "275", "280", "285", "290", "295", "300", "305", "310", "315", 
      "320", "325", "330", "335", "340", "345", "350", "355", "360", "365", 
      "370", "375", "380", "385", "390", "395", "400", "405", "410", "415", 
      "420", "425", "430", "435", "440", "445", "450", "455", "460", "465", 
      "470", "475", "480", "485", "490", "495"},
     {"6", "12", "18", "24", "30", "36", "42", "48", "54", "60", "66", "72", 
      "78", "84", "90", "96", "102", "108", "114", "120", "126", "132", "138",
       "144", "150", "156", "162", "168", "174", "180", "186", "192", "198", 
      "204", "210", "216", "222", "228", "234", "240", "246", "252", "258", 
      "264", "270", "276", "282", "288", "294", "300", "306", "312", "318", 
      "324", "330", "336", "342", "348", "354", "360", "366", "372", "378", 
      "384", "390", "396", "402", "408", "414", "420", "426", "432", "438", 
      "444", "450", "456", "462", "468", "474", "480", "486", "492", "498", 
      "504", "510", "516", "522", "528", "534", "540", "546", "552", "558", 
      "564", "570", "576", "582", "588", "594"},
     {"7", "14", "21", "28", "35", "42", "49", "56", "63", "70", "77", "84", 
      "91", "98", "105", "112", "119", "126", "133", "140", "147", "154", 
      "161", "168", "175", "182", "189", "196", "203", "210", "217", "224", 
      "231", "238", "245", "252", "259", "266", "273", "280", "287", "294", 
      "301", "308", "315", "322", "329", "336", "343", "350", "357", "364", 
      "371", "378", "385", "392", "399", "406", "413", "420", "427", "434", 
      "441", "448", "455", "462", "469", "476", "483", "490", "497", "504", 
      "511", "518", "525", "532", "539", "546", "553", "560", "567", "574", 
      "581", "588", "595", "602", "609", "616", "623", "630", "637", "644", 
      "651", "658", "665", "672", "679", "686", "693"},
     {"8", "16", "24", "32", "40", "48", "56", "64", "72", "80", "88", "96", 
      "104", "112", "120", "128", "136", "144", "152", "160", "168", "176", 
      "184", "192", "200", "208", "216", "224", "232", "240", "248", "256", 
      "264", "272", "280", "288", "296", "304", "312", "320", "328", "336", 
      "344", "352", "360", "368", "376", "384", "392", "400", "408", "416", 
      "424", "432", "440", "448", "456", "464", "472", "480", "488", "496", 
      "504", "512", "520", "528", "536", "544", "552", "560", "568", "576", 
      "584", "592", "600", "608", "616", "624", "632", "640", "648", "656", 
      "664", "672", "680", "688", "696", "704", "712", "720", "728", "736", 
      "744", "752", "760", "768", "776", "784", "792"},
     {"9", "18", "27", "36", "45", "54", "63", "72", "81", "90", "99", "108", 
      "117", "126", "135", "144", "153", "162", "171", "180", "189", "198", 
      "207", "216", "225", "234", "243", "252", "261", "270", "279", "288", 
      "297", "306", "315", "324", "333", "342", "351", "360", "369", "378", 
      "387", "396", "405", "414", "423", "432", "441", "450", "459", "468", 
      "477", "486", "495", "504", "513", "522", "531", "540", "549", "558", 
      "567", "576", "585", "594", "603", "612", "621", "630", "639", "648", 
      "657", "666", "675", "684", "693", "702", "711", "720", "729", "738", 
      "747", "756", "765", "774", "783", "792", "801", "810", "819", "828", 
      "837", "846", "855", "864", "873", "882", "891"},
     {"10", "20", "30", "40", "50", "60", "70", "80", "90", "100", "110", 
      "120", "130", "140", "150", "160", "170", "180", "190", "200", "210", 
      "220", "230", "240", "250", "260", "270", "280", "290", "300", "310", 
      "320", "330", "340", "350", "360", "370", "380", "390", "400", "410", 
      "420", "430", "440", "450", "460", "470", "480", "490", "500", "510", 
      "520", "530", "540", "550", "560", "570", "580", "590", "600", "610", 
      "620", "630", "640", "650", "660", "670", "680", "690", "700", "710", 
      "720", "730", "740", "750", "760", "770", "780", "790", "800", "810", 
      "820", "830", "840", "850", "860", "870", "880", "890", "900", "910", 
      "920", "930", "940", "950", "960", "970", "980", "990"},
     {"11", "22", "33", "44", "55", "66", "77", "88", "99", "110", "121", 
      "132", "143", "154", "165", "176", "187", "198", "209", "220", "231", 
      "242", "253", "264", "275", "286", "297", "308", "319", "330", "341", 
      "352", "363", "374", "385", "396", "407", "418", "429", "440", "451", 
      "462", "473", "484", "495", "506", "517", "528", "539", "550", "561", 
      "572", "583", "594", "605", "616", "627", "638", "649", "660", "671", 
      "682", "693", "704", "715", "726", "737", "748", "759", "770", "781", 
      "792", "803", "814", "825", "836", "847", "858", "869", "880", "891", 
      "902", "913", "924", "935", "946", "957", "968", "979", "990", "1001", 
      "1012", "1023", "1034", "1045", "1056", "1067", "1078", "1089"},
     {"12", "24", "36", "48", "60", "72", "84", "96", "108", "120", "132", 
      "144", "156", "168", "180", "192", "204", "216", "228", "240", "252", 
      "264", "276", "288", "300", "312", "324", "336", "348", "360", "372", 
      "384", "396", "408", "420", "432", "444", "456", "468", "480", "492", 
      "504", "516", "528", "540", "552", "564", "576", "588", "600", "612", 
      "624", "636", "648", "660", "672", "684", "696", "708", "720", "732", 
      "744", "756", "768", "780", "792", "804", "816", "828", "840", "852", 
      "864", "876", "888", "900", "912", "924", "936", "948", "960", "972", 
      "984", "996", "1008", "1020", "1032", "1044", "1056", "1068", "1080", 
      "1092", "1104", "1116", "1128", "1140", "1152", "1164", "1176", "1188"},
     {"13", "26", "39", "52", "65", "78", "91", "104", "117", "130", "143", 
      "156", "169", "182", "195", "208", "221", "234", "247", "260", "273", 
      "286", "299", "312", "325", "338", "351", "364", "377", "390", "403", 
      "416", "429", "442", "455", "468", "481", "494", "507", "520", "533", 
      "546", "559", "572", "585", "598", "611", "624", "637", "650", "663", 
      "676", "689", "702", "715", "728", "741", "754", "767", "780", "793", 
      "806", "819", "832", "845", "858", "871", "884", "897", "910", "923", 
      "936", "949", "962", "975", "988", "1001", "1014", "1027", "1040", 
      "1053", "1066", "1079", "1092", "1105", "1118", "1131", "1144", "1157", 
      "1170", "1183", "1196", "1209", "1222", "1235", "1248", "1261", "1274", 
      "1287"},
     {"14", "28", "42", "56", "70", "84", "98", "112", "126", "140", "154", 
      "168", "182", "196", "210", "224", "238", "252", "266", "280", "294", 
      "308", "322", "336", "350", "364", "378", "392", "406", "420", "434", 
      "448", "462", "476", "490", "504", "518", "532", "546", "560", "574", 
      "588", "602", "616", "630", "644", "658", "672", "686", "700", "714", 
      "728", "742", "756", "770", "784", "798", "812", "826", "840", "854", 
      "868", "882", "896", "910", "924", "938", "952", "966", "980", "994", 
      "1008", "1022", "1036", "1050", "1064", "1078", "1092", "1106", "1120", 
      "1134", "1148", "1162", "1176", "1190", "1204", "1218", "1232", "1246", 
      "1260", "1274", "1288", "1302", "1316", "1330", "1344", "1358", "1372", 
      "1386"},
     {"15", "30", "45", "60", "75", "90", "105", "120", "135", "150", "165", 
      "180", "195", "210", "225", "240", "255", "270", "285", "300", "315", 
      "330", "345", "360", "375", "390", "405", "420", "435", "450", "465", 
      "480", "495", "510", "525", "540", "555", "570", "585", "600", "615", 
      "630", "645", "660", "675", "690", "705", "720", "735", "750", "765", 
      "780", "795", "810", "825", "840", "855", "870", "885", "900", "915", 
      "930", "945", "960", "975", "990", "1005", "1020", "1035", "1050", 
      "1065", "1080", "1095", "1110", "1125", "1140", "1155", "1170", "1185", 
      "1200", "1215", "1230", "1245", "1260", "1275", "1290", "1305", "1320", 
      "1335", "1350", "1365", "1380", "1395", "1410", "1425", "1440", "1455", 
      "1470", "1485"},
     {"16", "32", "48", "64", "80", "96", "112", "128", "144", "160", "176", 
      "192", "208", "224", "240", "256", "272", "288", "304", "320", "336", 
      "352", "368", "384", "400", "416", "432", "448", "464", "480", "496", 
      "512", "528", "544", "560", "576", "592", "608", "624", "640", "656", 
      "672", "688", "704", "720", "736", "752", "768", "784", "800", "816", 
      "832", "848", "864", "880", "896", "912", "928", "944", "960", "976", 
      "992", "1008", "1024", "1040", "1056", "1072", "1088", "1104", "1120", 
      "1136", "1152", "1168", "1184", "1200", "1216", "1232", "1248", "1264", 
      "1280", "1296", "1312", "1328", "1344", "1360", "1376", "1392", "1408", 
      "1424", "1440", "1456", "1472", "1488", "1504", "1520", "1536", "1552", 
      "1568", "1584"},
     {"17", "34", "51", "68", "85", "102", "119", "136", "153", "170", "187", 
      "204", "221", "238", "255", "272", "289", "306", "323", "340", "357", 
      "374", "391", "408", "425", "442", "459", "476", "493", "510", "527", 
      "544", "561", "578", "595", "612", "629", "646", "663", "680", "697", 
      "714", "731", "748", "765", "782", "799", "816", "833", "850", "867", 
      "884", "901", "918", "935", "952", "969", "986", "1003", "1020", "1037",
       "1054", "1071", "1088", "1105", "1122", "1139", "1156", "1173", "1190",
       "1207", "1224", "1241", "1258", "1275", "1292", "1309", "1326", "1343",
       "1360", "1377", "1394", "1411", "1428", "1445", "1462", "1479", "1496",
       "1513", "1530", "1547", "1564", "1581", "1598", "1615", "1632", "1649",
       "1666", "1683"},
     {"18", "36", "54", "72", "90", "108", "126", "144", "162", "180", "198", 
      "216", "234", "252", "270", "288", "306", "324", "342", "360", "378", 
      "396", "414", "432", "450", "468", "486", "504", "522", "540", "558", 
      "576", "594", "612", "630", "648", "666", "684", "702", "720", "738", 
      "756", "774", "792", "810", "828", "846", "864", "882", "900", "918", 
      "936", "954", "972", "990", "1008", "1026", "1044", "1062", "1080", 
      "1098", "1116", "1134", "1152", "1170", "1188", "1206", "1224", "1242", 
      "1260", "1278", "1296", "1314", "1332", "1350", "1368", "1386", "1404", 
      "1422", "1440", "1458", "1476", "1494", "1512", "1530", "1548", "1566", 
      "1584", "1602", "1620", "1638", "1656", "1674", "1692", "1710", "1728", 
      "1746", "1764", "1782"},
     {"19", "38", "57", "76", "95", "114", "133", "152", "171", "190", "209", 
      "228", "247", "266", "285", "304", "323", "342", "361", "380", "399", 
      "418", "437", "456", "475", "494", "513", "532", "551", "570", "589", 
      "608", "627", "646", "665", "684", "703", "722", "741", "760", "779", 
      "798", "817", "836", "855", "874", "893", "912", "931", "950", "969", 
      "988", "1007", "1026", "1045", "1064", "1083", "1102", "1121", "1140", 
      "1159", "1178", "1197", "1216", "1235", "1254", "1273", "1292", "1311", 
      "1330", "1349", "1368", "1387", "1406", "1425", "1444", "1463", "1482", 
      "1501", "1520", "1539", "1558", "1577", "1596", "1615", "1634", "1653", 
      "1672", "1691", "1710", "1729", "1748", "1767", "1786", "1805", "1824", 
      "1843", "1862", "1881"},
     {"20", "40", "60", "80", "100", "120", "140", "160", "180", "200", "220",
       "240", "260", "280", "300", "320", "340", "360", "380", "400", "420", 
      "440", "460", "480", "500", "520", "540", "560", "580", "600", "620", 
      "640", "660", "680", "700", "720", "740", "760", "780", "800", "820", 
      "840", "860", "880", "900", "920", "940", "960", "980", "1000", "1020", 
      "1040", "1060", "1080", "1100", "1120", "1140", "1160", "1180", "1200", 
      "1220", "1240", "1260", "1280", "1300", "1320", "1340", "1360", "1380", 
      "1400", "1420", "1440", "1460", "1480", "1500", "1520", "1540", "1560", 
      "1580", "1600", "1620", "1640", "1660", "1680", "1700", "1720", "1740", 
      "1760", "1780", "1800", "1820", "1840", "1860", "1880", "1900", "1920", 
      "1940", "1960", "1980"},
     {"21", "42", "63", "84", "105", "126", "147", "168", "189", "210", "231",
       "252", "273", "294", "315", "336", "357", "378", "399", "420", "441", 
      "462", "483", "504", "525", "546", "567", "588", "609", "630", "651", 
      "672", "693", "714", "735", "756", "777", "798", "819", "840", "861", 
      "882", "903", "924", "945", "966", "987", "1008", "1029", "1050", 
      "1071", "1092", "1113", "1134", "1155", "1176", "1197", "1218", "1239", 
      "1260", "1281", "1302", "1323", "1344", "1365", "1386", "1407", "1428", 
      "1449", "1470", "1491", "1512", "1533", "1554", "1575", "1596", "1617", 
      "1638", "1659", "1680", "1701", "1722", "1743", "1764", "1785", "1806", 
      "1827", "1848", "1869", "1890", "1911", "1932", "1953", "1974", "1995", 
      "2016", "2037", "2058", "2079"},
     {"22", "44", "66", "88", "110", "132", "154", "176", "198", "220", "242",
       "264", "286", "308", "330", "352", "374", "396", "418", "440", "462", 
      "484", "506", "528", "550", "572", "594", "616", "638", "660", "682", 
      "704", "726", "748", "770", "792", "814", "836", "858", "880", "902", 
      "924", "946", "968", "990", "1012", "1034", "1056", "1078", "1100", 
      "1122", "1144", "1166", "1188", "1210", "1232", "1254", "1276", "1298", 
      "1320", "1342", "1364", "1386", "1408", "1430", "1452", "1474", "1496", 
      "1518", "1540", "1562", "1584", "1606", "1628", "1650", "1672", "1694", 
      "1716", "1738", "1760", "1782", "1804", "1826", "1848", "1870", "1892", 
      "1914", "1936", "1958", "1980", "2002", "2024", "2046", "2068", "2090", 
      "2112", "2134", "2156", "2178"},
     {"23", "46", "69", "92", "115", "138", "161", "184", "207", "230", "253",
       "276", "299", "322", "345", "368", "391", "414", "437", "460", "483", 
      "506", "529", "552", "575", "598", "621", "644", "667", "690", "713", 
      "736", "759", "782", "805", "828", "851", "874", "897", "920", "943", 
      "966", "989", "1012", "1035", "1058", "1081", "1104", "1127", "1150", 
      "1173", "1196", "1219", "1242", "1265", "1288", "1311", "1334", "1357", 
      "1380", "1403", "1426", "1449", "1472", "1495", "1518", "1541", "1564", 
      "1587", "1610", "1633", "1656", "1679", "1702", "1725", "1748", "1771", 
      "1794", "1817", "1840", "1863", "1886", "1909", "1932", "1955", "1978", 
      "2001", "2024", "2047", "2070", "2093", "2116", "2139", "2162", "2185", 
      "2208", "2231", "2254", "2277"},
     {"24", "48", "72", "96", "120", "144", "168", "192", "216", "240", "264",
       "288", "312", "336", "360", "384", "408", "432", "456", "480", "504", 
      "528", "552", "576", "600", "624", "648", "672", "696", "720", "744", 
      "768", "792", "816", "840", "864", "888", "912", "936", "960", "984", 
      "1008", "1032", "1056", "1080", "1104", "1128", "1152", "1176", "1200", 
      "1224", "1248", "1272", "1296", "1320", "1344", "1368", "1392", "1416", 
      "1440", "1464", "1488", "1512", "1536", "1560", "1584", "1608", "1632", 
      "1656", "1680", "1704", "1728", "1752", "1776", "1800", "1824", "1848", 
      "1872", "1896", "1920", "1944", "1968", "1992", "2016", "2040", "2064", 
      "2088", "2112", "2136", "2160", "2184", "2208", "2232", "2256", "2280", 
      "2304", "2328", "2352", "2376"},
     {"25", "50", "75", "100", "125", "150", "175", "200", "225", "250", 
      "275", "300", "325", "350", "375", "400", "425", "450", "475", "500", 
      "525", "550", "575", "600", "625", "650", "675", "700", "725", "750", 
      "775", "800", "825", "850", "875", "900", "925", "950", "975", "1000", 
      "1025", "1050", "1075", "1100", "1125", "1150", "1175", "1200", "1225", 
      "1250", "1275", "1300", "1325", "1350", "1375", "1400", "1425", "1450", 
      "1475", "1500", "1525", "1550", "1575", "1600", "1625", "1650", "1675", 
      "1700", "1725", "1750", "1775", "1800", "1825", "1850", "1875", "1900", 
      "1925", "1950", "1975", "2000", "2025", "2050", "2075", "2100", "2125", 
      "2150", "2175", "2200", "2225", "2250", "2275", "2300", "2325", "2350", 
      "2375", "2400", "2425", "2450", "2475"},
     {"26", "52", "78", "104", "130", "156", "182", "208", "234", "260", 
      "286", "312", "338", "364", "390", "416", "442", "468", "494", "520", 
      "546", "572", "598", "624", "650", "676", "702", "728", "754", "780", 
      "806", "832", "858", "884", "910", "936", "962", "988", "1014", "1040", 
      "1066", "1092", "1118", "1144", "1170", "1196", "1222", "1248", "1274", 
      "1300", "1326", "1352", "1378", "1404", "1430", "1456", "1482", "1508", 
      "1534", "1560", "1586", "1612", "1638", "1664", "1690", "1716", "1742", 
      "1768", "1794", "1820", "1846", "1872", "1898", "1924", "1950", "1976", 
      "2002", "2028", "2054", "2080", "2106", "2132", "2158", "2184", "2210", 
      "2236", "2262", "2288", "2314", "2340", "2366", "2392", "2418", "2444", 
      "2470", "2496", "2522", "2548", "2574"},
     {"27", "54", "81", "108", "135", "162", "189", "216", "243", "270", 
      "297", "324", "351", "378", "405", "432", "459", "486", "513", "540", 
      "567", "594", "621", "648", "675", "702", "729", "756", "783", "810", 
      "837", "864", "891", "918", "945", "972", "999", "1026", "1053", "1080",
       "1107", "1134", "1161", "1188", "1215", "1242", "1269", "1296", "1323",
       "1350", "1377", "1404", "1431", "1458", "1485", "1512", "1539", "1566",
       "1593", "1620", "1647", "1674", "1701", "1728", "1755", "1782", "1809",
       "1836", "1863", "1890", "1917", "1944", "1971", "1998", "2025", "2052",
       "2079", "2106", "2133", "2160", "2187", "2214", "2241", "2268", "2295",
       "2322", "2349", "2376", "2403", "2430", "2457", "2484", "2511", "2538",
       "2565", "2592", "2619", "2646", "2673"},
     {"28", "56", "84", "112", "140", "168", "196", "224", "252", "280", 
      "308", "336", "364", "392", "420", "448", "476", "504", "532", "560", 
      "588", "616", "644", "672", "700", "728", "756", "784", "812", "840", 
      "868", "896", "924", "952", "980", "1008", "1036", "1064", "1092", 
      "1120", "1148", "1176", "1204", "1232", "1260", "1288", "1316", "1344", 
      "1372", "1400", "1428", "1456", "1484", "1512", "1540", "1568", "1596", 
      "1624", "1652", "1680", "1708", "1736", "1764", "1792", "1820", "1848", 
      "1876", "1904", "1932", "1960", "1988", "2016", "2044", "2072", "2100", 
      "2128", "2156", "2184", "2212", "2240", "2268", "2296", "2324", "2352", 
      "2380", "2408", "2436", "2464", "2492", "2520", "2548", "2576", "2604", 
      "2632", "2660", "2688", "2716", "2744", "2772"},
     {"29", "58", "87", "116", "145", "174", "203", "232", "261", "290", 
      "319", "348", "377", "406", "435", "464", "493", "522", "551", "580", 
      "609", "638", "667", "696", "725", "754", "783", "812", "841", "870", 
      "899", "928", "957", "986", "1015", "1044", "1073", "1102", "1131", 
      "1160", "1189", "1218", "1247", "1276", "1305", "1334", "1363", "1392", 
      "1421", "1450", "1479", "1508", "1537", "1566", "1595", "1624", "1653", 
      "1682", "1711", "1740", "1769", "1798", "1827", "1856", "1885", "1914", 
      "1943", "1972", "2001", "2030", "2059", "2088", "2117", "2146", "2175", 
      "2204", "2233", "2262", "2291", "2320", "2349", "2378", "2407", "2436", 
      "2465", "2494", "2523", "2552", "2581", "2610", "2639", "2668", "2697", 
      "2726", "2755", "2784", "2813", "2842", "2871"},
     {"30", "60", "90", "120", "150", "180", "210", "240", "270", "300", 
      "330", "360", "390", "420", "450", "480", "510", "540", "570", "600", 
      "630", "660", "690", "720", "750", "780", "810", "840", "870", "900", 
      "930", "960", "990", "1020", "1050", "1080", "1110", "1140", "1170", 
      "1200", "1230", "1260", "1290", "1320", "1350", "1380", "1410", "1440", 
      "1470", "1500", "1530", "1560", "1590", "1620", "1650", "1680", "1710", 
      "1740", "1770", "1800", "1830", "1860", "1890", "1920", "1950", "1980", 
      "2010", "2040", "2070", "2100", "2130", "2160", "2190", "2220", "2250", 
      "2280", "2310", "2340", "2370", "2400", "2430", "2460", "2490", "2520", 
      "2550", "2580", "2610", "2640", "2670", "2700", "2730", "2760", "2790", 
      "2820", "2850", "2880", "2910", "2940", "2970"},
     {"31", "62", "93", "124", "155", "186", "217", "248", "279", "310", 
      "341", "372", "403", "434", "465", "496", "527", "558", "589", "620", 
      "651", "682", "713", "744", "775", "806", "837", "868", "899", "930", 
      "961", "992", "1023", "1054", "1085", "1116", "1147", "1178", "1209", 
      "1240", "1271", "1302", "1333", "1364", "1395", "1426", "1457", "1488", 
      "1519", "1550", "1581", "1612", "1643", "1674", "1705", "1736", "1767", 
      "1798", "1829", "1860", "1891", "1922", "1953", "1984", "2015", "2046", 
      "2077", "2108", "2139", "2170", "2201", "2232", "2263", "2294", "2325", 
      "2356", "2387", "2418", "2449", "2480", "2511", "2542", "2573", "2604", 
      "2635", "2666", "2697", "2728", "2759", "2790", "2821", "2852", "2883", 
      "2914", "2945", "2976", "3007", "3038", "3069"},
     {"32", "64", "96", "128", "160", "192", "224", "256", "288", "320", 
      "352", "384", "416", "448", "480", "512", "544", "576", "608", "640", 
      "672", "704", "736", "768", "800", "832", "864", "896", "928", "960", 
      "992", "1024", "1056", "1088", "1120", "1152", "1184", "1216", "1248", 
      "1280", "1312", "1344", "1376", "1408", "1440", "1472", "1504", "1536", 
      "1568", "1600", "1632", "1664", "1696", "1728", "1760", "1792", "1824", 
      "1856", "1888", "1920", "1952", "1984", "2016", "2048", "2080", "2112", 
      "2144", "2176", "2208", "2240", "2272", "2304", "2336", "2368", "2400", 
      "2432", "2464", "2496", "2528", "2560", "2592", "2624", "2656", "2688", 
      "2720", "2752", "2784", "2816", "2848", "2880", "2912", "2944", "2976", 
      "3008", "3040", "3072", "3104", "3136", "3168"},
     {"33", "66", "99", "132", "165", "198", "231", "264", "297", "330", 
      "363", "396", "429", "462", "495", "528", "561", "594", "627", "660", 
      "693", "726", "759", "792", "825", "858", "891", "924", "957", "990", 
      "1023", "1056", "1089", "1122", "1155", "1188", "1221", "1254", "1287", 
      "1320", "1353", "1386", "1419", "1452", "1485", "1518", "1551", "1584", 
      "1617", "1650", "1683", "1716", "1749", "1782", "1815", "1848", "1881", 
      "1914", "1947", "1980", "2013", "2046", "2079", "2112", "2145", "2178", 
      "2211", "2244", "2277", "2310", "2343", "2376", "2409", "2442", "2475", 
      "2508", "2541", "2574", "2607", "2640", "2673", "2706", "2739", "2772", 
      "2805", "2838", "2871", "2904", "2937", "2970", "3003", "3036", "3069", 
      "3102", "3135", "3168", "3201", "3234", "3267"},
     {"34", "68", "102", "136", "170", "204", "238", "272", "306", "340", 
      "374", "408", "442", "476", "510", "544", "578", "612", "646", "680", 
      "714", "748", "782", "816", "850", "884", "918", "952", "986", "1020", 
      "1054", "1088", "1122", "1156", "1190", "1224", "1258", "1292", "1326", 
      "1360", "1394", "1428", "1462", "1496", "1530", "1564", "1598", "1632", 
      "1666", "1700", "1734", "1768", "1802", "1836", "1870", "1904", "1938", 
      "1972", "2006", "2040", "2074", "2108", "2142", "2176", "2210", "2244", 
      "2278", "2312", "2346", "2380", "2414", "2448", "2482", "2516", "2550", 
      "2584", "2618", "2652", "2686", "2720", "2754", "2788", "2822", "2856", 
      "2890", "2924", "2958", "2992", "3026", "3060", "3094", "3128", "3162", 
      "3196", "3230", "3264", "3298", "3332", "3366"},
     {"35", "70", "105", "140", "175", "210", "245", "280", "315", "350", 
      "385", "420", "455", "490", "525", "560", "595", "630", "665", "700", 
      "735", "770", "805", "840", "875", "910", "945", "980", "1015", "1050", 
      "1085", "1120", "1155", "1190", "1225", "1260", "1295", "1330", "1365", 
      "1400", "1435", "1470", "1505", "1540", "1575", "1610", "1645", "1680", 
      "1715", "1750", "1785", "1820", "1855", "1890", "1925", "1960", "1995", 
      "2030", "2065", "2100", "2135", "2170", "2205", "2240", "2275", "2310", 
      "2345", "2380", "2415", "2450", "2485", "2520", "2555", "2590", "2625", 
      "2660", "2695", "2730", "2765", "2800", "2835", "2870", "2905", "2940", 
      "2975", "3010", "3045", "3080", "3115", "3150", "3185", "3220", "3255", 
      "3290", "3325", "3360", "3395", "3430", "3465"},
     {"36", "72", "108", "144", "180", "216", "252", "288", "324", "360", 
      "396", "432", "468", "504", "540", "576", "612", "648", "684", "720", 
      "756", "792", "828", "864", "900", "936", "972", "1008", "1044", "1080",
       "1116", "1152", "1188", "1224", "1260", "1296", "1332", "1368", "1404",
       "1440", "1476", "1512", "1548", "1584", "1620", "1656", "1692", "1728",
       "1764", "1800", "1836", "1872", "1908", "1944", "1980", "2016", "2052",
       "2088", "2124", "2160", "2196", "2232", "2268", "2304", "2340", "2376",
       "2412", "2448", "2484", "2520", "2556", "2592", "2628", "2664", "2700",
       "2736", "2772", "2808", "2844", "2880", "2916", "2952", "2988", "3024",
       "3060", "3096", "3132", "3168", "3204", "3240", "3276", "3312", "3348",
       "3384", "3420", "3456", "3492", "3528", "3564"},
     {"37", "74", "111", "148", "185", "222", "259", "296", "333", "370", 
      "407", "444", "481", "518", "555", "592", "629", "666", "703", "740", 
      "777", "814", "851", "888", "925", "962", "999", "1036", "1073", "1110",
       "1147", "1184", "1221", "1258", "1295", "1332", "1369", "1406", "1443",
       "1480", "1517", "1554", "1591", "1628", "1665", "1702", "1739", "1776",
       "1813", "1850", "1887", "1924", "1961", "1998", "2035", "2072", "2109",
       "2146", "2183", "2220", "2257", "2294", "2331", "2368", "2405", "2442",
       "2479", "2516", "2553", "2590", "2627", "2664", "2701", "2738", "2775",
       "2812", "2849", "2886", "2923", "2960", "2997", "3034", "3071", "3108",
       "3145", "3182", "3219", "3256", "3293", "3330", "3367", "3404", "3441",
       "3478", "3515", "3552", "3589", "3626", "3663"},
     {"38", "76", "114", "152", "190", "228", "266", "304", "342", "380", 
